6.005034316861712629e-01
8.823900974084731841e-01
5.685814810780275286e-01
7.755752044027934833e-01
5.733303588788196681e-01
3.310577088442305804e-01
7.846991412244812558e-01
3.084707338079521466e-01
5.440862113957790624e-01
6.035438439900130403e-01
6.299224790710484800e-01
6.908133076946544326e-01
4.225092486473479014e-01
4.656527653953311807e-01
4.004156840090291603e-01
4.368274893363230382e-01
2.863138508508294988e-01
1.560846392202624999e-01
7.688250742269759908e-01
5.246404651356952886e-01
3.611879096981931436e-01
4.913847159454880487e-01
9.540136983781954960e-01
6.182732492525327972e-01
4.325051555030831052e-01
8.154056470667747636e-01
4.908359221260253924e-01
4.189001314971274592e-01
4.535239508063332314e-01
4.391136464092363356e-01
7.846711751078978558e-01
2.650499942468001469e-01
4.738947676918513485e-01
3.812725625158180365e-01
2.364397653929828369e-01
5.190117013050737915e-01
3.996418774292415654e-01
7.215197932005569248e-01
2.626485480008305395e-01
5.051108147765975831e-01
6.497563302769407967e-01
7.996767009405346682e-01
1.453632225301703107e-01
4.611633913153165287e-01
4.970302744480027402e-01
2.157148962211404009e-01
5.209744981831665456e-01
5.217991010285947251e-01
6.903002912858795526e-01
7.232376921149470395e-01
8.918111799017822139e-02
1.921876513827635025e-01
6.691061831658413617e-01
4.570447756338831824e-01
7.593523659612877452e-01
8.278270799953137971e-01
8.016851861933556034e-01
3.996675894200941159e-01
6.019029181637733927e-01
1.868636811838749745e-01
4.725128954544206006e-01
6.054503211369653970e-01
3.945542976452179884e-01
4.594479376735119969e-01
2.965820620841980171e-01
6.661104286511299044e-01
8.910450170110908452e-01
9.287791695776630441e-01
5.144770353666268115e-01
5.585655208211824929e-01
8.714589320107267723e-01
4.534176725416212417e-01
3.295193765060187019e-01
4.625252678594998224e-01
3.462733942607582049e-02
3.905289693696851749e-01
7.348047294198285506e-01
2.144603700710844274e-01
5.311123999897282566e-01
5.048500967409570439e-01
6.633427493946515430e-01
6.073925899732519618e-01
1.625232385538779301e-01
8.880099788436607300e-01
9.042772206896194653e-01
6.484608475230645430e-01
7.120524874191656028e-01
2.060993153830954494e-01
5.924000487170236751e-01
6.588448671233576581e-01
3.515043592157826025e-01
3.724397600299420574e-01
4.960456999447204751e-01
6.984049292597667158e-01
5.961144757951026829e-01
7.775241646282577967e-01
8.095632384346214128e-01
2.806125421988135415e-01
2.487730829747114569e-01
4.977971712848207053e-01
6.286200708992956132e-01
2.395238427005531023e-01
4.567662796739820896e-01
3.052831111281072984e-01
5.705160663556597678e-01
9.973559003488706720e-01
8.774099095332572595e-01
3.718331806112266102e-01
5.455619710100255704e-01
1.262685468853415316e-01
6.787602934022620715e-01
4.223549967447141062e-01
1.795631057479961101e-01
3.723249714966964663e-01
6.696930398439572274e-01
5.193686317544723430e-01
7.814650746605646958e-01
7.641008341091235501e-01
6.254924053024139008e-01
7.590611949085371846e-01
5.268554630860798893e-01
5.250565439352928854e-01
7.964593777656239215e-01
3.348378079428502851e-01
4.286982167175228398e-01
7.444219212984920508e-01
9.538292866256656843e-01
2.233790783653257783e-01
5.072077974295440272e-01
3.991219690236135764e-01
8.182839050039971696e-01
3.241082657166125536e-01
4.204917376142600083e-01
5.161017140253030266e-01
5.990948397705645467e-01
4.039249868568732804e-01
7.246398304563091974e-01
7.273071047332192451e-01
4.822732292595344750e-01
8.090701116000027504e-01
6.437246081436824863e-01
5.249874396737096438e-01
4.137410222398227311e-02
3.430158810098438704e-01
6.184983631004573601e-01
1.898740193266776899e-01
2.424918344476194587e-01
2.646804843440986876e-01
6.115899404559035357e-01
7.002042026906595273e-01
4.149909785210019741e-01
7.844679344373963747e-01
4.889374040970932422e-01
7.915680055310149177e-01
4.893905167267855183e-01
5.318558706259274294e-01
2.629065885262177327e-01
4.321451769721169622e-01
3.850134531254215675e-01
1.998681428332976795e-01
4.142248285331643354e-01
6.828861738546818660e-01
6.363265927313651593e-01
5.526677465784100018e-01
6.613123746006289716e-01
5.011793098199219809e-01
1.995990177869391702e-01
1.244207735067019427e-01
4.487789730205596350e-01
3.386659802283620291e-01
6.473332623132115327e-01
6.648395761413664617e-01
4.617050548574810342e-01
4.164619797775375165e-01
5.946807593285112770e-01
8.563143615555022237e-01
6.158378699997233419e-01
5.003717030177474712e-01
3.961832014039278760e-01
5.596083716897219951e-01
7.992138226266130019e-01
7.789252468093352810e-01
6.377385263273798177e-01
8.179227943526283795e-01
2.989080215439841592e-01
1.845134680164866037e-01
1.699450161329581488e-01
7.614064259286097425e-01
5.184261564784190535e-01
4.392015820900334599e-01
9.004720984561147556e-01
4.503541471953964037e-01
3.503393641785508272e-01
4.341627971746226944e-01
5.660683911078253638e-01
3.292933703686123925e-01
6.051462189935358227e-01
2.458637551916614816e-01
1.560452394731451364e-01
9.492743823388424818e-02
8.558570745031285343e-01
7.511548351431696080e-01
6.782405624364725716e-01
7.409389556007373034e-01
6.776168611433160127e-02
5.532520044572843965e-01
5.821618118778711937e-01
2.232998195391732166e-01
4.320275376567109804e-01
4.729252326815805985e-01
6.037117187917251382e-01
6.104813322087830896e-01
4.208594132266323951e-01
2.700694358481003921e-01
8.340297078569592903e-01
7.027670356625705939e-01
5.717659838639759240e-01
5.545807956599043687e-01
6.641985953103219931e-01
3.058962386045788184e-01
4.367779621694367065e-01
7.819169145462558923e-01
4.010213578611204199e-01
3.438340400264632279e-01
7.859865281657510971e-01
6.407426190918038555e-01
3.569424910018496599e-01
3.969298232690315897e-01
3.043171875664448800e-01
3.255933076694232375e-01
6.245003617513094074e-01
5.176170996466440410e-01
5.201373051444448947e-01
6.450272118518417530e-01
6.892528974711764622e-02
2.546580883405591411e-01
5.487682444997753484e-01
3.948383469795321843e-01
3.136862743363215411e-02
1.161915975979526672e-01
7.259656394352946851e-01
8.788618766217204392e-01
6.546406060518521475e-01
1.203303959326128408e-01
7.200981683939376987e-01
6.329265136525168423e-01
5.454279860387868384e-01
2.354876460925865445e-01
2.133992861591144097e-01
4.667714687794093376e-01
3.699543039204065686e-01
1.820400447819106593e-01
4.549455969999302019e-01
7.257798387126150885e-01
7.217597193740297179e-01
4.889418565136286476e-01
3.508054215172174417e-01
3.362892622544385035e-01
6.187256858296302786e-01
3.680327378025134988e-01
3.343197559299977417e-01
6.131084029517502865e-01
6.967612542852109625e-01
9.122189171028181054e-01
7.689115258472838388e-01
4.188443865802840005e-01
6.014065576298631699e-01
2.342357984701507467e-01
5.160210709701428256e-01
2.714290759038032741e-01
8.914512128099387755e-01
5.030495130865344500e-01
6.216487202883457241e-01
6.616591196308285738e-02
5.647648794967080610e-01
3.924401054740764283e-01
6.211760069386316196e-01
5.622700825250608325e-01
3.407845267066786366e-01
4.631108676488442377e-01
1.357178815167385810e-01
3.383794221031914962e-01
6.323723691233126276e-01
4.547986162415198486e-01
3.380378286096144547e-01
1.201570552646125667e-01
5.273053843411177333e-01
3.375490792243155957e-01
5.490229124372117964e-01
5.514074151940306923e-01
4.550806281317024693e-01
5.006734334105102935e-01
6.844623260856708136e-01
4.251870789137074391e-01
6.094211120156378669e-01
4.037132350881800780e-01
4.462780028491266648e-01
8.435904555309352570e-01
5.722180636364455619e-01
4.788222975210169041e-01
9.287381887989494267e-01
9.563126189401380817e-01
5.546530246053044122e-01
2.975731402683236548e-01
4.664558578399887745e-01
7.799616382150675875e-01
4.830498512645549081e-01
7.199444671781467242e-02
4.402993118254960869e-01
3.928469650739718211e-01
6.398803179046184120e-01
1.946090353358264080e-01
4.014620300149135956e-01
8.060715808378955405e-01
8.906416070546199770e-02
6.798107656473040272e-01
7.187897822013722404e-01
1.918508333588773151e-01
5.791214776944970666e-01
6.003690806477963715e-01
6.803429536265166444e-01
5.673337151389705735e-01
7.097579593941092391e-01
4.376009856673273024e-01
6.979495175128704876e-01
1.107980746767967817e-01
7.901652659885650687e-01
6.609955685946214965e-01
2.478146659883807001e-01
1.187197372790077810e-01
9.255675103488361088e-01
5.372859411595027890e-01
1.101638847517183439e-01
7.149483069744204666e-01
8.709148461994479229e-01
9.097753447453702513e-01
5.879148911369671548e-01
7.050359810756956502e-01
6.248722407087572428e-01
5.637031253097330996e-01
7.886003910919754389e-01
6.527376481709331602e-01
4.964581790484917656e-01
8.203024250124480998e-01
4.741931336185692403e-01
3.651862470938950223e-01
3.358163582543471914e-01
5.040706479959313757e-01
8.073377401446395485e-01
5.083330048158153369e-01
6.258451027630101970e-01
8.226292593045381185e-01
5.451537598902181925e-01
3.344884866573318849e-01
4.295251579565391165e-01
4.490775524064149482e-01
9.288465340475274834e-01
9.045743052389905170e-01
5.304847132458335723e-01
5.312331624243434858e-01
9.890754225585061121e-01
5.651640480335582417e-01
5.170396917231616651e-01
5.837416853811410178e-01
8.222954693899668932e-01
5.352539850533643007e-01
4.935415060761741968e-01
7.621509392780312364e-01
6.112666098821346594e-01
7.080607575003924348e-01
8.643271865883188354e-02
6.688143665987690278e-01
4.297773329317392532e-01
3.940998352303244356e-01
6.917500655377093466e-01
3.416410160097846926e-01
7.823811811009653283e-01
2.512975003459361201e-01
2.205624460829119782e-01
4.243952869075087730e-01
5.135956832425684349e-01
2.633961362587420307e-01
3.997186096455726534e-01
1.797190998074120749e-01
2.651830349126739761e-01
6.263557558231294120e-01
7.603898686310440747e-01
5.595043177503304932e-01
4.011822070584238342e-01
5.913477060478303793e-01
5.710600967929188032e-01
3.523816296401572901e-01
5.201160625577216923e-01
6.359553805394410064e-01
1.046614222344917078e+00
3.460733060791602034e-01
2.617474378501224441e-01
3.622346895028009106e-01
5.308785288597925867e-01
3.882039128095309821e-01
4.002804441743302299e-01
5.730185606622532068e-01
6.414989562615234231e-01
5.459012460438883441e-01
2.769396808700498869e-01
6.890914470210174336e-01
5.722786677558761026e-01
4.887740710724531312e-01
5.298652386576223616e-01
4.243375309184758692e-01
9.126251644295775289e-01
3.308915092470361419e-01
4.698086035738752719e-01
7.876803733683482855e-01
5.726999865325329564e-01
6.315976856400511430e-01
6.375365474172690616e-01
7.002427576979115553e-01
3.741987851602854298e-01
5.003821252508978690e-01
7.277214279357800963e-01
6.035998982237276156e-01
3.108585219904979047e-01
7.044237702884491581e-01
7.494033762424211487e-01
3.306400651838465321e-01
2.219950380814011137e-01
7.773165485685176179e-01
4.236499532636822107e-01
8.655895538922966370e-01
7.299763633279207076e-01
9.130758257958032642e-01
6.445497862115898702e-01
2.501965327123724658e-01
4.472524556622567982e-01
5.126665592019579165e-01
8.151087942855826940e-01
7.807591349314308982e-01
3.405396667428443602e-01
4.660342351049462373e-01
5.388664888270455755e-01
4.356540369676392133e-01
1.037656178038234289e+00
1.079219314094983062e+00
1.051609720238595003e+00
6.958590927133465609e-01
8.895287621633942710e-01
9.353897711256162761e-01
9.695297771389300712e-01
7.937613415587386756e-01
8.309326756803123715e-01
4.941765267832328168e-01
7.578297026478600928e-01
1.200614402807942849e+00
5.463005189092831060e-01
8.198758148221758635e-01
1.285067087016610099e+00
1.045181939963455431e+00
8.260688899568568999e-01
6.294308888131765478e-01
1.149762832270977420e+00
7.142447229668597020e-01
8.644912724516533586e-01
1.134370290313037488e+00
1.063701672521992769e+00
9.626513777703167296e-01
8.295687620010110397e-01
5.784664454809738121e-01
1.378942980988837608e+00
1.071770793915802544e+00
7.685763984933704496e-01
8.210224788951308028e-01
1.119117133070079984e+00
1.184810949984080430e+00
1.213545409455960122e+00
7.254799117294351563e-01
8.913338923275031522e-01
6.663299264271271838e-01
1.036572940576641955e+00
1.583682967941569597e+00
1.148447995024167945e+00
9.845103628250254646e-01
1.219086800081114585e+00
7.153971530803840961e-01
1.284286521898921007e+00
1.004167065192142161e+00
1.200108106989238754e+00
1.176041529057347379e+00
1.238315769960519175e+00
9.904991832689540310e-01
1.644772963614459238e+00
8.916852208095751298e-01
1.559474032475457461e+00
1.187092116970213773e+00
1.362908442225401195e+00
1.655477533508329380e+00
1.430138054833680616e+00
1.302652975656850343e+00
1.060985070158907639e+00
1.252675398561200915e+00
1.553314782782596826e+00
1.509655598127725540e+00
1.347507806343280379e+00
1.229884670275084968e+00
1.174730499760806790e+00
1.254518992727396309e+00
1.515475021905963615e+00
1.410209335348206583e+00
1.588977230495128179e+00
1.441486378957010484e+00
1.810005385076779660e+00
1.321136873913932419e+00
1.901518565542275052e+00
1.325248715419164114e+00
1.439015688855517228e+00
1.754344583992598627e+00
1.443663865407809332e+00
1.751961226768068425e+00
1.914998169871684031e+00
1.318770978110589187e+00
2.155266952380205048e+00
1.923091982650963372e+00
1.627090083930542441e+00
1.817213203853654591e+00
1.718218304595076074e+00
1.667781563118623467e+00
1.893320935920649539e+00
2.146556499808741414e+00
1.922343387104733292e+00
1.988949745946686942e+00
2.007447606086784297e+00
2.062414936587465331e+00
1.596764550582336240e+00
1.964559299710304296e+00
2.173802127420821684e+00
1.977163229372130182e+00
1.770477887875113732e+00
2.210020723303915524e+00
1.727814163340052334e+00
2.107372944162938744e+00
2.229410354764306934e+00
1.907328755359010364e+00
2.292125737873742963e+00
2.070725255107565221e+00
2.319398144169832143e+00
2.304686364947783339e+00
2.236200461690617480e+00
2.390169338027487989e+00
2.147424622219349821e+00
2.322511798806472072e+00
2.195236332182616046e+00
2.653365678331563338e+00
2.442142715215452675e+00
2.196742504082882519e+00
2.394353160404346426e+00
2.849378912580768919e+00
2.165378170732139118e+00
2.621623216568358394e+00
2.180662906085334196e+00
2.352664358234809683e+00
2.460247736997572154e+00
2.364450895703398281e+00
2.598493236606683965e+00
2.906143692311289772e+00
2.549489176476228636e+00
2.467496079160685696e+00
2.537482207308245030e+00
2.603219962554816469e+00
2.897537859329313736e+00
2.658455079687240818e+00
3.095771989007191305e+00
2.720916289519715203e+00
3.003419041340569251e+00
2.898401390558022150e+00
2.692028898066495479e+00
2.689517590339864483e+00
2.727550346764248790e+00
3.265561699365355786e+00
2.653787709387659621e+00
2.837409369882504695e+00
2.866543535532993570e+00
3.014368060476000810e+00
2.739314655193889614e+00
3.079706121831053522e+00
3.267733495856113723e+00
2.845108374158778375e+00
2.776071500068185482e+00
3.344010657366091710e+00
3.029781551252548333e+00
2.869595989479392983e+00
3.138355319928814779e+00
2.841476187499422323e+00
3.200922463770302429e+00
3.107565669470540470e+00
2.897908542542891652e+00
3.610396973612265636e+00
3.309201351844008876e+00
3.183979247028679627e+00
3.091902300083308575e+00
3.306575702418315998e+00
3.182858652566493252e+00
2.877460159241533866e+00
3.390666174140504197e+00
3.524249944599351814e+00
3.283535135770579760e+00
3.148272304094115626e+00
2.940087608219728033e+00
3.511152029732317104e+00
3.084479864549209971e+00
3.499604780065884491e+00
3.539634841789102371e+00
3.186975892453244974e+00
3.554170179277406305e+00
3.438364420659355325e+00
3.132830817981453464e+00
3.832704406204561209e+00
3.298082743811691309e+00
3.298711048993668182e+00
3.348290191727383736e+00
3.887386752133796364e+00
3.218518828156025524e+00
3.164335800060087411e+00
3.258103027166647792e+00
3.389657123725699606e+00
3.160841469097084300e+00
3.361709752995232670e+00
3.386453748403590591e+00
3.784952018499870618e+00
3.162612558812232244e+00
3.133094449208122523e+00
3.667920798855014652e+00
3.275565520675975062e+00
3.590099560167083315e+00
3.565747751957056622e+00
3.832301972286018099e+00
3.611604825678833564e+00
3.611571560821376536e+00
3.199636129122495731e+00
3.330457193642553548e+00
3.647600356640043895e+00
3.438378677165485620e+00
3.369450784150534783e+00
3.755119860283963718e+00
3.636543487670204300e+00
3.636567195084129622e+00
3.678260118459825811e+00
3.437022722656966955e+00
3.408590296853466484e+00
3.519513251447470736e+00
3.467540894724043365e+00
3.388178472703747168e+00
3.378034136719912706e+00
3.329262661961519321e+00
3.851902408781952225e+00
3.085183883804366367e+00
3.175553014102840965e+00
3.454562516124287441e+00
3.275856201392396194e+00
3.452749358329237239e+00
3.270381632875047906e+00
3.467602299288204293e+00
3.149052149413028800e+00
3.283434734027362190e+00
3.685033448634442710e+00
3.477157910600100266e+00
3.645750163997742099e+00
3.521577341623340907e+00
3.156355354399479562e+00
3.334122345500627915e+00
3.191671352341399981e+00
3.234521713018351896e+00
3.458549421574605098e+00
3.427184067543315837e+00
3.618148515117574071e+00
3.455593597434068798e+00
3.344267853881605745e+00
3.117343692288481183e+00
3.639331134843965643e+00
3.542706362962544375e+00
3.331570601840732948e+00
3.028325625565577717e+00
2.994793949872994965e+00
2.967728148030233992e+00
3.161093741604743101e+00
2.859993952070986278e+00
3.153103778206094887e+00
3.161518927973045123e+00
3.294557737717448642e+00
3.552753607359996124e+00
3.253376122582424479e+00
3.073941068648302632e+00
2.834891277145272781e+00
3.134579982706101386e+00
2.967569598338140047e+00
2.721979008662704036e+00
2.788418477742084178e+00
2.713396705686767163e+00
2.878450175910904019e+00
2.660367750033824308e+00
3.132744550751506818e+00
3.111459504348493610e+00
2.940535742250055762e+00
3.144533008815799224e+00
2.875021350351575133e+00
2.911153348079139391e+00
3.060988890829596798e+00
2.795745931444801435e+00
3.022350264692725830e+00
2.793747765580154141e+00
2.694712420510894546e+00
2.919807109412899671e+00
2.385119792112969428e+00
2.644886674841645302e+00
3.055972229888774372e+00
2.402654302908000972e+00
2.492044313929219435e+00
3.059749581600755608e+00
2.445530183000742763e+00
2.357111311108347707e+00
2.723714820845228424e+00
2.394937269856610484e+00
2.217844244754148875e+00
2.667212445250800368e+00
2.827211804039268639e+00
3.441407363601558522e+00
3.921476720749511813e+00
4.495252872501408703e+00
5.436241024894981066e+00
6.652768251876524097e+00
8.606410846021823602e+00
1.044972426331360182e+01
1.204498073885337206e+01
1.437376305653353015e+01
1.620082823349743251e+01
1.708885245418817078e+01
1.812636394435209652e+01
1.756179491236649426e+01
1.670615867930896670e+01
1.489752951817684945e+01
1.282124968689810984e+01
1.084701903333730577e+01
8.992498627087494256e+00
7.501521507196137861e+00
5.714288002006925993e+00
4.298815847408036461e+00
3.673409207594567683e+00
2.880547633701676880e+00
2.306082897104980489e+00
2.097764993537611034e+00
2.279178443391508324e+00
1.967063701004905019e+00
2.135200605821588660e+00
2.118941505521481972e+00
2.107869530086761145e+00
1.892959915374917257e+00
1.706344131961451627e+00
1.707509954209799785e+00
1.608161181760018765e+00
1.731302507500660948e+00
1.972207989391386418e+00
1.967190695397760036e+00
2.027529109037876864e+00
1.838960044322640819e+00
1.663732388439565835e+00
1.287311032468407390e+00
2.028309386879373122e+00
1.732991895428090734e+00
2.067571602696155253e+00
1.612103713078053113e+00
1.380199416900866671e+00
1.569650373488565398e+00
1.248574707134982864e+00
1.584281730985772407e+00
1.316351957714910537e+00
1.456954294069350064e+00
1.422032352472853312e+00
1.520284497007138302e+00
1.499040419393066204e+00
1.446250118266977358e+00
1.324164761996497131e+00
1.366247262265939844e+00
1.243215851038309783e+00
1.464685993531447794e+00
1.167785997354868988e+00
1.167148942261800437e+00
1.272296890293672877e+00
1.133648473200223883e+00
1.009821329411877189e+00
1.180420553221198876e+00
1.276055777214806231e+00
1.006000105458303651e+00
1.312514298966019455e+00
1.537387941150565540e+00
1.009630442651072268e+00
1.429088411135728931e+00
1.172013817516776690e+00
1.087734490807249044e+00
7.765359726276452879e-01
9.128703140852170161e-01
1.075221550667104786e+00
8.378631384558921091e-01
9.239100238182491598e-01
1.107946968019168477e+00
1.211621842213406852e+00
1.176194410703909510e+00
1.155867553262394098e+00
1.032305698342269817e+00
1.065288387770569001e+00
9.846933763273119089e-01
1.241298664483291514e+00
8.507067411667392776e-01
7.909962433987791641e-01
9.485294328935514052e-01
8.630137630728496045e-01
6.539712946934538307e-01
8.514792969851672222e-01
9.865196333356403002e-01
1.083582010254203531e+00
1.176521548360533576e+00
7.845604039944082952e-01
9.037046933627137513e-01
9.927796376424213864e-01
9.348909670071356981e-01
5.863165976645547950e-01
1.027114229629790598e+00
9.273650631211785011e-01
1.242174432243851268e+00
9.171870013574738856e-01
8.308145755771877417e-01
1.058947158134213140e+00
8.126219071272804406e-01
7.370818131707159715e-01
6.736449060341320738e-01
7.632023629492645789e-01
1.025449895710659920e+00
6.373257283337969703e-01
1.049814272988994546e+00
4.368449350939284104e-01
8.354706344105496951e-01
7.855463149504396947e-01
8.447743123403578247e-01
5.971466928126162310e-01
8.200950326018622283e-01
4.233852913750468239e-01
7.725507453711635275e-01
4.781004730327105268e-01
8.201961462935446479e-01
6.582109653063290544e-01
4.348592018207999010e-01
2.936748106061550789e-01
7.504427488358584863e-01
8.602276745121717472e-01
1.118188490608840180e+00
7.664067387072738269e-01
6.858227036311845826e-01
9.020505428098284373e-01
4.482593779795672750e-01
9.396035429088406277e-01
7.439756947068683068e-01
1.084160497693983594e+00
7.914231289748867582e-01
9.079754786064250238e-01
8.951485871389831539e-01
8.530458674323777579e-01
3.227796155337002149e-01
5.458852000325681297e-01
4.302275548140328532e-01
5.883613704583015025e-01
9.385246422043718173e-01
2.991998400790227830e-01
5.529167080755883479e-01
8.060927220519298331e-01
4.936148739274275332e-01
7.197829078170073780e-01
8.659716448893293173e-01
6.005380940685178803e-01
5.481408250381517577e-01
5.370254403083305483e-01
6.344422793237619596e-01
5.344936645472511128e-01
4.587057544145269894e-01
8.823999452631975382e-01
5.637494414981168989e-01
5.535045052752984862e-01
4.060675672937105740e-01
4.834583653649383583e-01
7.693527010345250217e-01
5.940156654174718609e-01
7.269551684824864246e-01
4.002916173161021884e-01
6.403051750435273526e-01
2.808327307332555978e-01
3.406756879125655835e-01
9.633442332344870351e-01
2.901471866442076331e-01
7.125741406637550734e-02
2.914131360135259752e-01
4.196507106565044998e-01
4.838778817015186862e-01
4.672318808057133177e-01
3.170679143901997676e-01
8.447342882085278060e-01
2.522791731211935784e-01
4.279402023955498069e-01
5.338203186246696097e-01
4.494099026285094389e-01
6.103554199816696446e-01
4.996794169537094321e-01
3.121284669124875788e-01
2.537580184172787967e-01
1.266582552431751441e-01
6.811876815736539470e-01
7.913003089312797833e-01
2.622699397075984873e-01
6.534426094379017780e-01
5.690448629843655182e-01
3.609375790357521319e-01
1.917912049686160136e-01
6.046449848684056771e-01
1.662488564811094305e-01
7.929675063902154042e-01
7.322464963177466313e-01
4.728052752600886977e-01
6.854357519696794299e-01
4.682031087032948458e-01
3.903434876928251196e-01
4.970857760843996331e-01
8.263084808235952039e-01
8.921114796564334759e-02
6.631597881253643578e-01
2.297463490352039672e-01
6.720290623628968341e-01
7.145386753717586359e-01
6.858600174918296766e-01
5.921147942284942234e-01
4.699626325613135980e-01
1.677831682707402461e-01
5.119285756515576935e-01
2.182851090245074843e-01
5.580259788766873674e-01
8.162150556160669979e-01
7.873582492266093524e-01
7.136611638482444064e-01
1.141509869698962565e-01
3.037537083541674288e-01
4.604202547170436199e-01
3.499455642673414135e-01
4.789509739705893887e-01
7.281959829871416101e-01
5.611414531310495724e-01
1.884766741141927215e-01
4.059237648281803224e-01
1.640158604129459408e-01
9.493392857981796107e-01
5.178316832160625438e-01
1.836608235179535420e-01
6.146411443463546398e-01
5.088133476020455515e-01
3.647690441386042259e-01
8.858571474892402708e-01
5.327580998124508138e-01
2.750013082257062869e-01
7.026072220054822015e-01
2.618262986674972925e-01
1.242253189287882004e-02
3.979666295962672740e-01
5.186300351390974450e-01
6.994498234876675991e-01
6.029721718891404292e-01
8.506710671850166161e-01
4.512732660380405769e-01
5.962461952611407268e-02
6.517593428961452329e-01
8.464310055657172649e-01
4.603687562059270988e-01
1.112058968435988837e-01
4.066714661345478543e-01
4.310091676735752775e-01
6.088017110788794817e-01
6.014052758177839131e-01
7.417655816892325393e-02
4.939929355595077398e-01
7.031967339574343168e-01
1.951661743189524456e-01
7.902245060092129014e-01
2.077665677193460958e-01
5.626217753405491351e-01
6.487599990927559457e-01
8.169392567320965526e-01
3.349894207952710534e-01
7.947207690825914828e-01
3.602094855358895509e-01
6.791132435994484684e-01
8.641869391826904057e-01
6.885871380497462502e-01
5.317209637250833731e-01
4.111392363824025176e-01
8.200824176969886414e-01
5.428528917210388993e-01
5.102538676526172656e-01
3.185266327270921960e-01
5.392473454425619206e-01
4.514885306275115973e-01
7.833036167577888120e-01
3.789171316712197091e-01
4.357189021465310286e-01
5.181034118865104343e-01
5.617255604325439577e-01
3.546003468151607274e-01
7.200963770954118548e-01
4.880345126415023271e-01
2.480187857397407880e-01
8.019745064007797186e-01
6.826478226292606033e-01
5.937262347611559354e-01
8.140863886709600594e-01
6.604893551936505958e-01
3.844844367121131867e-01
6.147040879769205546e-01
4.938979081069926891e-01
4.451637401071161237e-01
3.548315003729342609e-01
4.568800772796599019e-01
4.675472499138759175e-01
2.425257848753359369e-01
4.518512354660941810e-01
4.015747453122054944e-01
1.897141560074384059e-01
8.465356813207424169e-01
3.857691097634271538e-01
3.741457512918509587e-01
6.118323277748120015e-01
7.818126680468713285e-01
5.730616943220498971e-01
4.989952534094870273e-01
5.294273299632858976e-01
5.948844286177055185e-01
7.453421024180237886e-01
5.523614534105962814e-01
2.308421208521169721e-01
7.623909198819867061e-01
2.538022643135208756e-01
5.895835335964254575e-01
3.270161910752503731e-01
7.560758430667733343e-01
8.470457916576112911e-01
8.316864991974833865e-01
5.353191968391040056e-01
7.562726822132894711e-01
7.482486318620664711e-01
1.672880402699041258e-01
8.519006698892573892e-01
5.604662150381782837e-01
5.743276481766157460e-01
5.087496970749040281e-01
7.756963824223689352e-01
1.953895922522971007e-01
7.207402604684814973e-01
6.671392577320662820e-01
6.131602032739777997e-01
4.822690541368576111e-01
8.418716710535294467e-01
5.162238405950198006e-01
3.801393615358111822e-01
3.224373715962430831e-01
3.603150166597177684e-01
4.704519909236627995e-01
7.603784091136219780e-01
3.299718724289647520e-01
3.943719893121740983e-01
3.436075968885251575e-01
7.815286762541897581e-01
4.588869103418053985e-01
1.132740143414280864e-01
3.307519594854095302e-01
7.468392157337186976e-01
8.989186725108899712e-02
2.134343066666485322e-01
6.232170436250619172e-01
2.518076822145907112e-01
3.762518800730387247e-01
6.246678337620028554e-01
7.597406600718545899e-01
4.472668776292225701e-01
8.585680292522656076e-01
6.714988873973606331e-01
2.941943339745250463e-01
4.049946509907595416e-01
6.647909759538562779e-01
5.705227180919764107e-01
6.652617279396283445e-01
2.172605531930803802e-01
4.250584402440562570e-01
5.675135661270340748e-01
3.928578428646698484e-01
5.903134569924468611e-01
3.622078346698714979e-01
1.806383800890798419e-01
6.195311428307147539e-01
7.151090158610424741e-01
4.256832191348411398e-01
3.903574974427284072e-01
4.159738262674569920e-01
4.154514984965029800e-01
3.442298300913289588e-01
7.312677530565554473e-01
7.170373690934745969e-01
7.596243542629281809e-01
6.590237414517112757e-01
6.083400285738440605e-01
6.194475278204059077e-01
9.302201790249963187e-01
3.427151389033855633e-01
3.413719066034769378e-01
3.592107562001278787e-01
4.996012435546017816e-01
8.011264412466762019e-01
8.084744136747328280e-01
3.620363308634209076e-01
4.818888754803473118e-01
2.945932542072925431e-01
3.369612662168481876e-01
4.670995519065833101e-01
6.225994470760205513e-01
7.479910125314585823e-02
3.035635902440423362e-01
5.033359762702445117e-01
7.496442141564190198e-01
6.442252793177982717e-01
6.763891942423514436e-01
3.304579605831496347e-01
8.830653367025254052e-02
2.683927157300561306e-01
1.598844421012842187e-01
2.741356286827963951e-01
2.372340900031739697e-01
1.823593464790216889e-01
3.829995998860252771e-01
1.108130054024030753e-01
3.455883742750625598e-01
6.506367612080455887e-01
4.322685914383974093e-01
5.032859013685867522e-01
4.043102394776386665e-01
4.467052906505553644e-01
7.552608621881498063e-01
1.916582168676838616e-01
1.866622671649378895e-01
9.013749001071649225e-01
6.659398284654519662e-01
4.282975914941050677e-01
2.293914379430679329e-01
7.849664166366874252e-01
4.358863804994703717e-01
1.874134696124073463e-01
2.625310027230341459e-01
3.959871106464741830e-01
8.751596089969950754e-01
4.941251249777163235e-01
8.486183525571756592e-01
5.007092112367949044e-01
6.822816040949837291e-01
5.635950383617359671e-01
4.324624354677024662e-01
7.983785826576297873e-02
8.189608586031247306e-01
7.336326154056025395e-01
5.557647868865185359e-01
2.979658055945293982e-01
3.944874673305939217e-01
4.084614916781839633e-01
2.555837265559368632e-01
5.897425683293954224e-01
5.034767531195145640e-01
1.863680611770571205e-01
4.875445002741286560e-01
7.618487256982320321e-01
6.111848560658003082e-01
6.456804203320878344e-01
7.751483109600494359e-01
4.778179470832173426e-01
7.621023988932408288e-01
5.298732688695211301e-01
1.952625512879319902e-01
5.069140170846427873e-01
4.034195843816608673e-01
6.458844332739270833e-01
1.038900102500469047e-01
6.583092109193888763e-01
6.345497478500546906e-01
4.491724391297173269e-01
7.019820754976371369e-01
4.130162140480512223e-01
6.822815302255808012e-01
2.913432740355504369e-01
8.044237192089431776e-01
8.919070339691635707e-02
6.869132145107987863e-01
3.286800214221349270e-01
7.496668742478261871e-01
4.437799682658989664e-02
6.381844746542478797e-01
4.361307510511691632e-01
4.934714916750527758e-01
3.910644100267910428e-01
6.064345121917240622e-01
6.182940998899881802e-01
6.461351158608670264e-01
4.556980099886522861e-01
4.108081843220569573e-01
5.186589936428522840e-01
4.865397531900416683e-01
1.142958718724582101e-01
6.594235940824617614e-01
5.606305822985402365e-01
4.506749663220764313e-01
8.104374414639829993e-01
3.686681830042214392e-01
7.148788177086130569e-01
3.244345329709243386e-01
5.349270091030167151e-01
3.660853206376141200e-01
3.363951868549092672e-01
3.297456749197614223e-01
6.711193010739620046e-01
2.562119856054978495e-02
8.035206775487597763e-01
7.658104535998844220e-01
5.046629496920751468e-01
3.966246772631216166e-01
4.646179040624701662e-01
6.028849385895935775e-01
7.275713706941451253e-01
5.486631024676379420e-01
8.154099809848627256e-01
4.718776769979413643e-01
3.952824385924270656e-01
4.911220468260980576e-01
5.733876144669270980e-01
2.014597705513502257e-01
5.909274785746030378e-01
3.371919723488818188e-01
3.696663617367592636e-01
8.364547300680813535e-01
3.471937239649061091e-01
6.850924159427489446e-01
5.306691257270150786e-01
4.102782111335554482e-01
5.676681578472174694e-01
8.063201926343563919e-01
3.052785093615567602e-01
1.653812780732196730e-01
3.968127799004499412e-01
5.745710954101233003e-01
7.433175651254064764e-01
5.876001427546481137e-01
3.675895656158838509e-01
6.615761862359104128e-01
6.066689431516920639e-01
1.369221798718077698e-01
1.250234070872789649e-01
6.036635068997896481e-01
2.511254163919738325e-01
5.920581903460083728e-01
5.254199547404050374e-01
8.118657300533643761e-01
5.004772240951416151e-01
6.129751232466809086e-01
2.872974421245680920e-01
6.059780381332393606e-01
3.899999148753228728e-01
5.927046353684548574e-01
4.342111999454276727e-01
7.261357420435364807e-01
2.008652087899824856e-01
5.144586911519271055e-01
7.315278633395962959e-01
1.165776073634176568e-01
4.423413256445285491e-01
7.766447981773976217e-01
