1.524090482304579997e+00
1.479247717940006535e+00
1.254619626036577174e+00
1.569045051416710912e+00
1.256888301079920778e+00
1.599937028152595975e+00
1.492008078240304458e+00
1.495208598751515794e+00
1.651700581243578547e+00
1.707599183121113251e+00
1.838300335910258987e+00
1.318395384204274379e+00
1.612752853048349255e+00
1.848657650949760534e+00
1.514261584756630086e+00
1.254216932201228207e+00
1.477651684187389014e+00
1.316012209122120025e+00
1.268197006689501194e+00
1.451121943438834716e+00
1.608437470230186239e+00
1.497399025560570918e+00
1.371758455668917520e+00
1.610186420795279627e+00
1.741845785568964411e+00
1.548410597538270483e+00
1.457957337930524178e+00
1.241739264129047227e+00
1.072681794129493715e+00
1.140131630195657220e+00
1.466102760115117309e+00
1.653917409009922679e+00
1.707593459272234604e+00
1.822388244968551785e+00
1.736550493044853427e+00
1.702634152519502120e+00
1.410023235179307166e+00
1.602610605876246375e+00
1.121040438349751422e+00
1.427000233614792446e+00
1.729879456392167780e+00
1.617529604946374100e+00
1.254051827603354097e+00
1.448277584211220992e+00
1.456741567221123246e+00
1.234989993489200355e+00
1.707173118261825495e+00
1.963145264940648005e+00
1.453549689056951699e+00
1.559650840496135116e+00
1.718532743694188403e+00
1.546865176343531489e+00
1.390581759943775531e+00
1.470062025851190279e+00
1.633194595324824139e+00
1.423695372667582726e+00
1.395063724291950802e+00
1.561301997075520198e+00
1.701127597930070401e+00
1.007591578342083682e+00
1.705380592204472023e+00
1.594442502955374596e+00
1.447310727200587399e+00
1.503840214259414720e+00
1.627950675671945735e+00
1.396412688379734979e+00
1.450701482911116669e+00
1.579534360663517489e+00
1.343738392840863716e+00
1.435554212604673197e+00
1.454646855268289851e+00
1.841822923152627522e+00
1.566315196843210522e+00
1.547937787683278277e+00
1.974178337056680554e+00
1.697653545705496647e+00
1.576787531359341576e+00
1.525661260580305933e+00
1.646953039290268039e+00
1.515031352651352137e+00
1.338464703447981963e+00
1.546534280387949600e+00
1.576144455432505254e+00
1.630469424572090986e+00
1.704368144793481976e+00
1.854961210402855443e+00
1.245956120891015262e+00
1.946295404641054549e+00
1.290229836770349081e+00
1.609333980774070749e+00
1.347490347530001964e+00
1.468981318367426514e+00
1.397755528614234688e+00
1.023436610877215491e+00
1.372964763146676592e+00
1.468398689510760136e+00
1.426328990121885409e+00
1.464419263428073048e+00
1.299284951797232468e+00
1.518671626689701126e+00
1.481950702121126229e+00
1.247111920065042456e+00
1.579525409139187264e+00
1.567798526347914834e+00
1.396858856359601830e+00
1.430366285322185016e+00
1.740774295955092255e+00
1.483453873489566144e+00
1.646098257944826448e+00
1.347799407246411230e+00
1.566072960990653185e+00
1.703093243977213733e+00
1.540523286217468701e+00
1.463546470684399692e+00
1.485125462510078931e+00
1.261878523008766351e+00
1.575587152112535527e+00
1.696721924772922163e+00
1.747951110635962868e+00
1.351649885855196853e+00
1.294221901842201650e+00
1.338111792670632516e+00
1.589860155575431699e+00
1.503817890313965622e+00
1.436524180731736378e+00
1.686442413302191135e+00
1.506899350555476857e+00
1.397639242762662937e+00
1.612388589516861703e+00
1.371776269044152174e+00
1.349968494965498200e+00
1.401664998867604650e+00
1.619758534428376695e+00
1.816262894362582481e+00
1.689949177833710348e+00
1.432327453920185789e+00
1.586710379073470012e+00
1.386062089087705118e+00
1.578737177048442186e+00
1.390848294158639531e+00
1.428282625584752941e+00
1.159775117101871755e+00
1.752578225180798199e+00
1.342520647635918163e+00
1.503534152825908965e+00
1.665068153854530220e+00
1.563445718334292467e+00
1.375098975410130153e+00
1.239081611081712442e+00
1.748455248982452748e+00
1.621353180181178022e+00
1.387475904282529537e+00
1.421238432185367495e+00
1.333140817982962911e+00
1.546363758981318615e+00
1.914180697528652386e+00
1.661291012803640221e+00
1.343848224199934771e+00
1.316920934997537262e+00
1.340980446473606813e+00
1.335096845312828462e+00
1.584915146463354629e+00
1.330960833046854974e+00
1.642100122971837273e+00
1.454973338288249485e+00
1.648324437664050013e+00
1.379091259724326557e+00
1.496055207840902179e+00
1.188130203034492904e+00
1.897776174159523377e+00
1.548057145992740802e+00
1.783632615787453135e+00
1.532712764422861529e+00
1.507190290499643925e+00
1.740537931641607639e+00
1.561506941594571929e+00
1.518456638441405770e+00
1.450407489624014445e+00
1.499605243996055437e+00
1.548460958916445307e+00
1.369572902166619199e+00
1.589961058255760618e+00
1.594263176197885823e+00
1.624526452783567443e+00
1.776581603392000774e+00
1.689634432736648151e+00
1.590064527793309868e+00
1.505317408042316840e+00
1.265168327966684103e+00
1.561137130440161336e+00
1.658860281480863730e+00
1.318174136280068964e+00
1.423592269245897990e+00
1.665335755369359294e+00
1.372559211999778928e+00
1.393926559660980447e+00
1.565255636114881943e+00
1.647267390530668285e+00
1.782209813062121562e+00
1.429473100783352324e+00
1.576898734167445637e+00
1.736804187884916750e+00
1.510239942594306495e+00
1.272356971391248814e+00
1.568404264251232139e+00
1.777100599401604475e+00
1.526606693192323894e+00
1.251374991593803276e+00
1.614112079406262001e+00
1.443214268930854027e+00
1.507767423446781718e+00
1.598975553062937260e+00
1.595839177283915555e+00
1.298835222925855515e+00
1.669510454963484269e+00
1.421432064094818370e+00
1.303953614286488483e+00
1.795953910419273880e+00
1.299028356942544038e+00
1.150723860263784593e+00
1.433852724619770980e+00
1.306630110275353029e+00
1.445044825130248123e+00
1.729860270860847482e+00
1.167198168053240170e+00
1.846865132484291516e+00
1.475506218854693907e+00
9.488994849346286120e-01
1.643804168389290998e+00
1.518023765824724869e+00
1.713466698005587929e+00
1.329219239412539277e+00
1.292319322556104488e+00
1.705744967989526018e+00
1.395704703728156693e+00
1.856213252882460196e+00
1.383464474043198056e+00
1.444978592956725372e+00
1.571513261564606800e+00
1.388979070262093662e+00
1.397327018058146519e+00
1.875488602602081389e+00
1.551606778210574022e+00
1.622640039538535639e+00
1.640832567906639561e+00
1.914482810074050079e+00
1.450758844791454782e+00
1.229166127927289853e+00
1.569258294569060741e+00
1.727246131620890024e+00
1.572499139654777611e+00
1.501822977162345030e+00
1.633262507097083649e+00
1.664409093133849327e+00
1.380610358665470772e+00
1.768495587177491446e+00
1.580366297331798675e+00
1.624889095238670311e+00
1.585655941501176391e+00
1.686830488000063522e+00
1.617878461832516823e+00
1.513342437659321194e+00
1.753968907762883278e+00
1.783403387598047063e+00
1.365397354428193655e+00
1.307701586188103837e+00
1.801358942985843203e+00
1.353685302116417910e+00
1.445571901559781214e+00
1.667000960716521263e+00
1.493174239910538104e+00
1.740116884344914183e+00
1.715575971265191013e+00
1.659534606946057034e+00
2.009465840814647297e+00
1.409504056533832816e+00
1.189940443455186569e+00
1.494736410846703833e+00
1.432300414043026215e+00
1.914458761679707743e+00
1.454049224190572032e+00
1.234891289508317946e+00
1.252182333919961810e+00
1.558389141968117730e+00
1.447504024465240180e+00
1.442647277398990235e+00
1.424774891471487281e+00
1.453694125789797287e+00
1.728718196746738434e+00
1.643622822911906756e+00
1.462561116269260886e+00
1.921904241778009226e+00
1.491209996697195228e+00
1.679135596649778961e+00
1.938103749384399555e+00
1.149545107839855751e+00
1.706365734411042778e+00
1.241119531301682288e+00
1.470599652180432759e+00
1.582799154204873382e+00
1.588704796049845269e+00
1.285595097147139043e+00
1.285873385972547300e+00
1.387431981164316541e+00
1.503359155603137598e+00
1.605997216281535245e+00
1.561944347363214636e+00
1.503200136420893562e+00
1.672276361089261254e+00
1.495463165284471874e+00
1.579782400628714001e+00
1.498875815850244209e+00
1.864940551083493547e+00
1.693130868734989303e+00
1.451017559411452273e+00
1.595460323201959518e+00
1.500772957027350696e+00
1.436111974412378034e+00
1.860534453783446063e+00
1.536455761047574420e+00
1.353923629812974871e+00
1.397634044292126010e+00
1.311950460371845040e+00
1.490499702059143727e+00
1.583379546349980682e+00
1.476389639914287732e+00
1.458908275604884341e+00
1.623129597397879431e+00
1.461272445145876731e+00
1.472960280107253661e+00
1.461898876312871520e+00
1.468003566301311347e+00
1.461297864475302966e+00
1.103310017198903648e+00
1.667500559518120262e+00
1.205194629554465324e+00
1.389533566886212101e+00
1.796789514536313304e+00
1.776014203219696608e+00
1.510010307460468271e+00
1.829063694405365093e+00
1.527854362212714090e+00
1.695972474124859852e+00
1.015609166128148555e+00
1.114066399779694683e+00
1.588112687244245480e+00
1.112647267448042099e+00
1.515218777659857796e+00
1.341879995094108935e+00
1.752334787566503183e+00
1.373679235722162995e+00
1.550398311335531520e+00
1.545051928321430124e+00
1.544617410928931234e+00
1.412468572252974841e+00
1.778831669223736256e+00
1.458719096226929191e+00
1.666382503712289909e+00
1.572432665531253049e+00
1.582778922952737144e+00
1.837996499228736980e+00
1.479058052362825393e+00
1.356066938603063043e+00
1.598035216381177737e+00
1.465701617092136644e+00
1.448265737705061618e+00
1.789247056676719572e+00
1.152838432999351959e+00
1.412460586792459116e+00
1.651169091977853220e+00
1.906269710321073951e+00
1.653008013310383717e+00
1.644616097476071737e+00
1.603246883685645496e+00
1.477794911428999658e+00
1.634377108225028907e+00
1.755152869584204689e+00
1.335983146799827104e+00
1.645358575113369470e+00
1.239816702941638704e+00
1.460140058175617428e+00
1.823066539068089575e+00
1.546847010418176849e+00
1.416096760006556154e+00
1.325404190198119059e+00
1.590523980211317134e+00
1.624178925533262152e+00
1.643506893689248072e+00
1.404131101925605529e+00
1.517222917406723770e+00
1.690408774201392905e+00
1.653229990544081263e+00
1.140040407603073680e+00
1.483511018409759075e+00
1.295418287552128955e+00
1.442675460372862650e+00
1.452060990660038797e+00
1.808107611313465313e+00
1.712187780426589701e+00
1.417022936769902541e+00
1.609232934192971642e+00
1.925640530641259174e+00
1.537261009776476062e+00
1.947357754998572998e+00
1.563185651684032784e+00
1.525388804917612529e+00
1.606595650175268508e+00
1.563022108546310074e+00
1.872299798952684169e+00
1.487856960356310321e+00
1.886228144839849685e+00
1.366780107455088933e+00
1.399650586363974769e+00
1.630769965478040318e+00
1.916934725260517114e+00
1.955712069909057327e+00
1.574617341317045671e+00
1.889737622549326090e+00
1.498485902463528419e+00
1.830908517397552782e+00
1.604371317323466606e+00
1.689393373655557085e+00
1.224811203930505465e+00
1.835906587331151529e+00
1.771983301238160280e+00
1.785919601332682127e+00
1.515909097005351258e+00
1.987008340151159125e+00
1.681846418301669921e+00
1.576080422160803129e+00
1.756141971096799814e+00
1.627295001604224911e+00
1.864490502506670921e+00
1.263493620781053872e+00
1.733572139388374733e+00
1.694569923811924950e+00
1.787728541337969990e+00
1.885631070919544072e+00
1.803715812213906533e+00
2.018211212033795388e+00
1.868197024344328439e+00
1.681246482355090111e+00
2.044529077488996371e+00
1.835269072522459410e+00
1.654376327635501687e+00
1.686017104401313915e+00
1.933389172750397789e+00
2.133831215600978215e+00
1.779892797036090268e+00
2.192400624711051904e+00
1.520430282341923123e+00
1.758590811505127638e+00
1.865903372396536142e+00
1.821323072784363228e+00
1.797090438367486831e+00
1.774776967587578635e+00
1.734548686593128108e+00
2.069992519456109736e+00
1.988048458653043804e+00
2.089345216237195935e+00
2.158338248414017890e+00
1.898724870646048002e+00
1.910845839199909246e+00
2.001246350390098350e+00
1.848899735811613043e+00
2.004955751748465076e+00
2.065431140672323362e+00
1.903591682995309675e+00
1.822808010325400963e+00
2.225552435010947683e+00
2.067786739507126548e+00
2.077214882867184365e+00
1.854310951636085170e+00
2.255551727903117420e+00
2.016865683393572528e+00
2.340121834421473590e+00
1.841303731835849167e+00
1.982378047257805420e+00
1.820070968626755992e+00
1.827965287034440278e+00
2.177507525534109867e+00
2.618928184577810292e+00
1.793555387926993205e+00
2.145696465859936897e+00
2.187389985230467015e+00
2.209285289874189040e+00
2.147965105612750225e+00
2.223802891757819200e+00
2.479302659465287828e+00
2.582286028939537292e+00
1.936337711110693638e+00
2.057461964141021671e+00
2.206246843719208872e+00
2.004586262296904398e+00
2.156356494087547038e+00
1.990662346005436234e+00
2.012624073763684240e+00
2.808692240130659101e+00
2.268667130229429230e+00
1.945568370990933271e+00
2.424418980162220461e+00
2.448520193951465362e+00
2.746094834442147636e+00
2.613550986028357226e+00
2.810525462537626584e+00
2.399672832661168265e+00
2.878777643332275371e+00
2.338442659180087091e+00
2.358500373634304648e+00
2.609166603517345973e+00
2.483857191084769322e+00
2.553250754661787081e+00
2.696651418991316440e+00
2.386113421606796070e+00
2.557204949121803850e+00
2.765375383151384536e+00
2.310341254662104937e+00
2.758444353905873836e+00
2.620023616271875522e+00
2.839463503636728614e+00
2.934176848881637767e+00
3.006811090656511531e+00
2.674669405683774759e+00
2.638839060721923424e+00
2.940522267992621952e+00
3.046911357036074186e+00
2.986465335945852839e+00
3.214214263468627486e+00
2.786935174993263153e+00
3.131715462853468690e+00
2.726005148870128014e+00
3.058991235879434889e+00
2.905907683107582073e+00
3.183749805782158937e+00
3.148030999947822206e+00
3.093101079193595560e+00
2.850839649535284792e+00
3.203948758502805472e+00
2.758441113218650820e+00
2.955114553840192837e+00
3.072563239204755270e+00
3.092568697083455387e+00
3.022641120424535366e+00
3.181882713670736607e+00
3.167672676430925094e+00
3.203553730596170990e+00
3.344592718304376877e+00
3.387806422579095589e+00
3.186900384738734715e+00
3.131007325445706702e+00
3.447634440858306615e+00
3.371031963165061374e+00
3.391180596197852282e+00
3.243618044107499987e+00
3.555559463388413555e+00
3.311915943393322515e+00
3.320333246571857799e+00
3.254469982804913730e+00
3.396307619928796484e+00
3.576928415606045686e+00
3.305844111456151868e+00
3.744404596399663721e+00
3.503359129663520921e+00
3.329658743426225698e+00
3.855621168257769682e+00
3.570599357859228995e+00
3.651723806866601141e+00
3.506007769885650660e+00
3.655208024331917382e+00
4.099953728321064084e+00
3.726820904465408812e+00
3.717068477702262452e+00
3.689890596188572403e+00
3.855989994804015719e+00
4.028357724325847045e+00
4.256339328329595162e+00
4.090988038172436170e+00
3.838463982985585776e+00
3.667895268870020153e+00
3.820320845957987821e+00
4.094288808845213623e+00
3.730663352035125335e+00
3.895294237993442099e+00
3.797901486695208995e+00
4.016660345840295854e+00
3.942299461964428264e+00
3.960470882594283371e+00
3.814991442653243858e+00
3.480286797773805674e+00
4.287528575652404861e+00
4.015368525508002051e+00
4.353274076735567988e+00
3.778847354375693968e+00
4.155615331920476940e+00
4.071514908765533569e+00
4.297608745071800129e+00
4.123516893687980911e+00
4.210145631854585346e+00
3.878194406663113991e+00
4.564256088188326288e+00
4.147875289996991732e+00
4.243121913664843703e+00
4.226132453474386708e+00
4.209999294700823569e+00
4.015934079780841159e+00
4.199437862249922659e+00
4.281809782206867254e+00
4.302864977471155150e+00
4.565218211473693444e+00
4.489210089869007270e+00
4.322531558201552215e+00
4.257635180283467768e+00
4.645313641405028449e+00
4.542887427431507419e+00
4.203538092371774226e+00
4.197786804775954117e+00
4.369340435369942988e+00
4.311827405696570636e+00
4.419331954424598585e+00
4.489792098163722933e+00
4.603098548638937082e+00
4.799178921836841027e+00
4.423542680957351259e+00
4.438638364429245087e+00
4.319469617564753783e+00
4.302921516467973717e+00
4.833979608714416010e+00
4.236401942056367886e+00
4.459733028837203683e+00
4.617964808807430543e+00
4.322626485206526148e+00
4.694941558085281130e+00
4.583895130861832534e+00
4.198597170447015081e+00
4.120223947017360722e+00
4.374038920188667134e+00
4.434354158427525228e+00
4.672632930552643948e+00
4.820710078942116006e+00
4.662771207387491401e+00
4.128985884495112835e+00
4.329779790304625564e+00
4.191819119485741041e+00
4.325337682044932741e+00
4.361618551002796274e+00
4.331945204316120623e+00
4.466891163615237303e+00
4.518771701083783121e+00
4.397772560291115518e+00
4.489160402417238238e+00
4.480557735308063450e+00
4.101773753851908566e+00
4.593855789888498187e+00
4.324679692543990761e+00
4.623339677431151706e+00
4.353113360405154175e+00
4.589373230086754241e+00
4.408757824774097500e+00
4.539798720545309862e+00
4.701211676677211848e+00
4.423903743352381568e+00
4.348318981951096340e+00
4.400265171886987403e+00
4.276723821290760341e+00
4.392146419301812266e+00
4.413003293238589642e+00
4.190461889233605852e+00
4.252727225408398759e+00
4.371591658971878402e+00
4.236973020111340915e+00
4.380110835363019817e+00
4.032513133394200366e+00
4.273195133213326002e+00
4.323922028426581576e+00
3.850355580666528166e+00
4.089226366141717861e+00
4.290938897204930491e+00
4.461093108902376869e+00
4.159393155645457085e+00
4.015729658419080472e+00
4.104646432419239765e+00
4.215032809980232109e+00
4.379825524021428329e+00
3.998029163070647041e+00
4.089135840716747516e+00
4.009072381827336606e+00
4.299270637890993285e+00
4.187522024771333840e+00
3.966014018996933288e+00
3.849668399945843422e+00
4.182628497090051134e+00
3.864940052079001820e+00
4.254493941630138387e+00
3.664640828767120606e+00
3.906054413320019680e+00
4.138914990112087189e+00
4.255040579181179616e+00
4.427373833018301674e+00
4.404461170526760228e+00
4.648546971051494836e+00
4.837418392717818705e+00
5.821403693397813939e+00
5.688145320203163990e+00
7.163549390507194303e+00
7.498114117576307081e+00
7.914245285208938441e+00
8.969887621081234386e+00
9.996938019268297282e+00
1.059222208266923282e+01
1.129653337663957835e+01
1.166898647339402828e+01
1.191849455872822006e+01
1.227047788651280058e+01
1.174423584493321471e+01
1.140264575377010914e+01
1.125552800221043803e+01
1.034065179829446279e+01
1.006235648583751363e+01
9.333985781731986009e+00
8.220778559745831160e+00
7.514624178256314124e+00
6.764369340055814028e+00
5.515098310125948089e+00
5.491503941128350164e+00
4.414678118133660512e+00
4.181331483791199233e+00
4.016198175689781991e+00
3.553129189007838473e+00
3.739514460455795497e+00
3.792202648687024613e+00
3.468485806331674581e+00
3.485056165940948691e+00
3.311790519934452615e+00
3.314040375739318200e+00
3.489846901644873878e+00
3.297523550868345588e+00
3.333575488016013111e+00
3.442258173601622229e+00
2.975444150031279378e+00
3.110964021603940033e+00
2.938908114128239824e+00
3.189119787406404338e+00
3.168946725241219564e+00
3.136269138394943479e+00
2.972150381404258468e+00
2.705513071850244700e+00
2.651791051353681095e+00
2.974815072363973467e+00
2.859101207580599713e+00
3.030020444470417740e+00
2.903087782609840684e+00
3.127682277049303572e+00
2.643079911912814772e+00
2.832851280824606022e+00
3.023234558928418636e+00
2.690969035372433815e+00
2.641429751883551003e+00
2.784878095573719570e+00
2.452736013556139127e+00
2.924780160747045610e+00
2.666478533066771739e+00
2.963767296422389563e+00
2.610506019510916875e+00
2.846153623953822986e+00
2.734325130300482076e+00
2.681520454439909606e+00
2.931875842708811852e+00
2.646061020356192284e+00
2.806290492848334317e+00
2.810318921360754008e+00
2.640215972771815078e+00
2.439372503485436106e+00
2.663988472569082777e+00
2.535904106031694916e+00
2.290013628319356176e+00
2.196221986875056764e+00
2.346541448910939742e+00
2.816945657436672690e+00
2.719878692103014028e+00
2.195772495130322355e+00
2.658230898996869040e+00
2.460736842860037576e+00
2.528708031574465220e+00
2.720237083622343288e+00
2.293682418299791248e+00
2.428749397939645061e+00
2.114544279342243094e+00
2.540276284236098636e+00
2.267726170825555609e+00
2.656119128726553313e+00
2.447690807068716889e+00
2.332680138972157646e+00
2.411894306645880448e+00
2.094173499290821194e+00
2.405494070899371284e+00
1.998784592081109368e+00
2.162175372395316764e+00
2.002872587473479626e+00
2.283445521468170814e+00
1.793271228911165638e+00
2.240164006196238233e+00
2.098016675214048998e+00
2.093955903197822543e+00
2.006571016394551599e+00
2.042126666771773902e+00
1.919390709175614607e+00
1.921662460261950311e+00
2.391765764975145370e+00
2.110376878342071993e+00
1.872066265315266653e+00
1.542732666835990640e+00
1.615641119678950854e+00
1.756385858336625638e+00
1.832037527272030175e+00
1.686843950066559072e+00
1.922109856046087195e+00
2.156059067639303883e+00
1.844202713500075586e+00
1.620516131304281071e+00
1.894638564443709372e+00
1.984799772677514618e+00
1.648389561629518774e+00
1.798453410874060410e+00
1.908379102850093156e+00
1.541568165224795006e+00
2.057505335876928854e+00
1.728215521788824871e+00
1.673694855329685538e+00
1.967954234061586094e+00
1.973795454509614800e+00
1.866767321553433945e+00
1.995047164330797873e+00
1.486914912314519555e+00
2.272833110816057989e+00
1.654188624411373043e+00
1.949534204507934465e+00
1.789791459883128155e+00
1.429546717481995799e+00
1.548272612748908816e+00
1.848455015970094761e+00
1.558419220988182419e+00
2.061501394980616020e+00
1.715634839636303921e+00
1.825784724764129230e+00
1.719356735568735361e+00
1.294780766342213507e+00
1.826390584716258259e+00
2.143762104633495813e+00
1.848660628428316022e+00
1.631459523883323826e+00
1.425336968456345499e+00
1.733147545218015839e+00
1.909120339530805843e+00
1.741838502398765032e+00
1.907525330688795595e+00
1.853743905343403275e+00
1.233284959345656961e+00
1.863981242689261908e+00
1.672292111940935522e+00
1.748082124173821139e+00
1.434558387820362269e+00
1.766635680107875306e+00
1.740430028868767742e+00
1.231088274077682954e+00
1.624002316897469322e+00
1.741934186025368536e+00
1.827016667942732875e+00
1.719142692925682336e+00
1.619579339214377356e+00
1.657493214167803597e+00
1.392121072478204047e+00
1.182008240257448328e+00
1.742114779666794400e+00
2.084302739362279056e+00
1.352474616199633051e+00
1.724750539381547210e+00
1.374903580643000556e+00
1.630103930105116117e+00
1.388740635959327951e+00
1.624752875439159139e+00
1.674498346493720202e+00
1.485371846393115591e+00
1.790576878269899641e+00
1.888728675341230900e+00
1.694437175824897945e+00
1.196146676887143157e+00
1.451672250684707066e+00
1.642078403684646082e+00
1.741040041690887774e+00
1.497131979128348167e+00
1.657585825359702225e+00
1.346356715204309440e+00
1.255306820957664105e+00
1.727994419816312632e+00
1.474763620111952500e+00
1.507893063897417507e+00
1.600290989752298110e+00
1.326882212441046205e+00
1.462496435801426076e+00
1.374259981061249913e+00
1.755729514975358452e+00
1.306723687330536565e+00
1.458871247103091351e+00
1.565434789849291075e+00
1.748061280697138509e+00
1.335519480715756657e+00
1.226947579630148777e+00
1.357792260516407223e+00
1.722987836427359420e+00
1.286139949617488565e+00
1.368681727599268427e+00
1.517646377384354706e+00
1.279470148116624184e+00
1.441897496040559501e+00
1.672295421844135710e+00
1.461820803721760376e+00
1.603512810715106207e+00
1.478635481111828964e+00
1.269346756682750765e+00
1.724668097495478225e+00
1.735688170278734344e+00
1.376040495619896831e+00
1.607911597846379825e+00
1.162061918091085388e+00
1.698248046930083577e+00
1.206974009692209693e+00
1.724751640655918905e+00
1.560142349727999145e+00
1.442311907718030861e+00
1.775506389052273537e+00
1.649822907373631464e+00
1.571340858837393828e+00
1.642812484732060652e+00
1.585023944019266162e+00
1.830105401499068307e+00
1.607751821128540648e+00
1.512206821307160443e+00
1.999044081540563234e+00
1.186313784718574293e+00
1.476886506528339194e+00
1.300963442352020660e+00
1.498754232815013410e+00
1.588375201371284406e+00
1.380694587891917235e+00
1.469493495504161196e+00
1.491508824589256488e+00
1.166561397130231548e+00
1.332936731030226474e+00
1.493922158333746086e+00
1.796789777009651035e+00
1.292499877767643079e+00
1.656451305043825428e+00
1.616376619279433768e+00
1.652858027223288229e+00
1.542040387420793746e+00
1.711643976796585420e+00
1.558582213039343856e+00
1.416232469976347330e+00
1.225827302635778882e+00
1.925896726872804665e+00
1.674600937645458476e+00
1.147920448676382321e+00
1.589317619548836102e+00
1.686838841051709892e+00
1.243183564233232064e+00
1.386634491608714992e+00
1.821726962330420641e+00
1.487769901490616720e+00
1.624869754027019608e+00
1.633983170297632626e+00
1.611301273685636692e+00
1.174233072778205100e+00
1.669144400961317665e+00
1.419260821018354157e+00
1.476463238895281638e+00
1.435458423433047859e+00
1.436361433396359910e+00
1.329205090455614968e+00
1.355713952164052660e+00
1.564194930396393568e+00
1.731750838273416360e+00
9.775508543781844528e-01
1.387445683989011247e+00
1.418959098359737991e+00
1.542609206212070649e+00
1.550211625965792539e+00
1.504861662085929197e+00
1.590404847507789654e+00
1.424013850271893755e+00
1.516185531009049958e+00
1.876950512607937105e+00
1.527256635653732708e+00
1.582288197748566105e+00
1.353093815509836428e+00
1.185841223066339101e+00
1.471683070032836937e+00
1.675276742368958294e+00
1.524036490589012249e+00
1.454891799057756119e+00
1.543515721483310843e+00
1.627523232653158347e+00
1.676489245415341722e+00
1.667395593406991949e+00
1.496074770290506395e+00
1.714838630643744866e+00
1.426264656058196412e+00
1.528163981737270749e+00
1.520287194959325738e+00
1.417908290525540460e+00
1.454825616667171362e+00
1.544205308868316306e+00
1.638427494496151438e+00
1.396836370397702920e+00
1.443910445529324349e+00
1.423781045912111853e+00
1.558209125379156790e+00
1.610201669247758982e+00
1.722679431333750344e+00
1.448278564859564410e+00
1.261634803362555957e+00
1.566511739026950512e+00
1.229105961887750009e+00
1.190283848734668970e+00
1.780134638809421022e+00
1.407715917664023042e+00
1.506388134025835823e+00
1.617304864653966279e+00
1.644010319667698727e+00
1.504032052242366690e+00
1.326842486892959361e+00
1.489998580913084902e+00
1.699015022898905602e+00
1.694853302992976207e+00
1.527132710081728462e+00
1.312984823245474608e+00
1.807911694150345472e+00
1.812055220758244545e+00
1.455144467141468612e+00
1.728044952100405762e+00
1.356217310183163605e+00
1.375268828292823597e+00
1.540821618361231327e+00
1.344578637622023676e+00
1.420136644820830352e+00
1.226409031836707575e+00
1.583667955367670466e+00
1.613268953553839369e+00
1.390327507320053391e+00
1.288098480852237326e+00
1.413064225963804654e+00
1.725745770192300688e+00
1.312664392122677270e+00
1.336798661546650280e+00
1.103283137685841631e+00
1.045969238466191387e+00
1.270574064510372914e+00
1.313799960789552745e+00
1.303633385891623808e+00
1.167066561327125829e+00
1.243517510420160788e+00
1.616945533171839422e+00
1.257490159652749240e+00
1.634639606615299945e+00
1.346447584328017921e+00
1.500544405403669623e+00
1.299783858154073712e+00
1.610190529295958406e+00
1.418058710427622326e+00
1.471376354137843290e+00
1.453289667027174215e+00
1.280244250771678916e+00
1.117375628605033366e+00
1.356638997841451699e+00
1.846478533731683580e+00
1.408108781760988748e+00
1.438670605712099926e+00
1.328584008995589816e+00
1.523132215413234736e+00
1.639798337959248897e+00
1.402377791847919442e+00
1.682269790404806731e+00
1.015987092661843283e+00
1.610888347242632967e+00
1.331452101443402869e+00
1.368231409781581753e+00
1.482247892578677950e+00
1.680840424325431570e+00
1.383759416855193436e+00
1.285969445393505328e+00
1.569043767497986241e+00
1.493416453933291255e+00
1.558304148473186990e+00
1.565143476779932596e+00
1.560241342047041568e+00
1.665326535804689145e+00
1.402064776169584359e+00
1.427918775062024581e+00
1.774451519205180405e+00
1.006315949677153876e+00
1.592847578818572085e+00
1.356713562728917299e+00
1.387961364986629365e+00
1.620379949475822645e+00
1.374800895885283980e+00
1.383860694624379883e+00
1.750009064165525263e+00
1.293665814634934019e+00
1.412692378477280908e+00
1.437535478778213971e+00
1.117191231261351003e+00
1.366606419518566984e+00
1.860587929470161717e+00
1.457222060581485179e+00
1.605295218891039211e+00
1.472049138274433844e+00
1.670951858415478997e+00
1.755165156963975459e+00
1.403413937047223392e+00
1.796122386278327543e+00
1.307835540386569573e+00
1.496364368643708476e+00
1.744552233577098654e+00
1.613001137686660424e+00
1.539447871946432844e+00
1.707593148724525278e+00
1.489548401659591015e+00
1.332600037569738882e+00
1.570674870879857465e+00
1.141304417255563308e+00
1.817678551131676201e+00
1.387587698055318342e+00
1.427628483366848666e+00
1.605454013178868600e+00
1.561488634550724841e+00
1.741142384956314570e+00
1.349583957874313178e+00
1.689581614197929182e+00
1.609412447034361815e+00
1.582783607663497127e+00
1.489300009927298607e+00
1.568099273437963292e+00
1.178129540268758602e+00
1.698687379339885117e+00
1.463015287842345913e+00
1.403502972233386492e+00
1.452211162195437000e+00
1.344522676019241914e+00
1.403224118345912208e+00
1.311457844901779080e+00
1.582529270960656875e+00
1.939696187154593465e+00
1.254282692536892396e+00
1.182358563461860301e+00
1.924376444665020669e+00
1.405745403019831752e+00
1.940186839023961829e+00
1.474587466217564202e+00
1.584657370363751649e+00
1.456804591200828281e+00
1.490021487048919457e+00
1.454658116252203426e+00
1.802605215746692968e+00
1.241080598016014447e+00
1.105325864947427794e+00
1.265191882679566948e+00
1.444973728330576135e+00
1.756906517782814037e+00
1.619081800979280672e+00
1.322574219582569821e+00
1.520708448515560862e+00
1.410819018079848775e+00
1.799146597831113192e+00
1.493478454522672916e+00
1.503209203907929892e+00
1.705682177154449919e+00
1.462683820021118519e+00
1.541579385382107814e+00
1.721141305987813563e+00
1.640503626976268281e+00
1.378080811510451920e+00
1.764313112475720091e+00
1.401036370117039409e+00
1.133037225978100082e+00
1.861615281258281573e+00
1.576810836436922436e+00
1.696759282222965126e+00
1.370749570024492270e+00
1.271339756393035758e+00
1.980887274486676120e+00
1.343070535234888174e+00
1.403532811351678067e+00
1.484167364394358701e+00
1.497336383457970488e+00
1.700708039649956538e+00
1.629206282657622351e+00
1.529387808600284115e+00
1.872520641349722181e+00
1.510830263703428100e+00
1.584557413137265947e+00
1.412070042942011439e+00
1.568984112355839677e+00
1.355624727675317942e+00
1.396878454039922612e+00
1.239977242391173906e+00
1.495918471046358000e+00
1.291094130018937802e+00
1.440021991541726942e+00
1.541449311451833948e+00
1.560283352980430971e+00
1.489756063681690668e+00
1.642335312544232595e+00
1.344382213441408069e+00
1.497753157378217459e+00
1.636357218083612564e+00
1.565460371217043178e+00
1.221801571227929983e+00
1.648903469263137911e+00
1.713266370529237692e+00
1.809222362252692173e+00
1.762571535085473817e+00
1.289512835599753160e+00
1.520373392457887718e+00
1.496834108210115755e+00
1.435050165918751119e+00
1.510625245322654076e+00
1.670182343788090717e+00
1.349853048530279542e+00
1.657224622057401175e+00
1.719845705860853613e+00
1.630127748255626896e+00
1.430369241623964172e+00
1.573362987812378266e+00
1.779194204235760690e+00
1.600577468486439336e+00
1.465275758602763601e+00
1.539374523003794071e+00
1.438991444793455088e+00
1.821655310334622468e+00
1.199397304719040713e+00
1.504203581625044084e+00
1.268511123293090126e+00
1.251256749996953355e+00
1.475466969699791298e+00
1.269287024650396889e+00
1.610072807780870141e+00
1.544902822337027137e+00
1.323460403188202461e+00
1.323715327251635543e+00
1.382221303002236557e+00
1.724720214875854918e+00
1.240520104907816279e+00
1.640460121953436712e+00
1.452731364591664631e+00
1.415486231542383067e+00
1.637623969133502611e+00
1.675414838035254483e+00
1.183675610049236937e+00
9.983456564767829722e-01
1.721775460207466413e+00
1.469097201717314505e+00
1.278898534653435393e+00
1.565735010173615160e+00
1.339795980119306229e+00
1.512545224894182194e+00
1.706151477265508642e+00
1.128985583073035537e+00
1.317116730474011899e+00
1.480140068189492952e+00
1.585383455741383507e+00
1.487880028473274496e+00
1.202793943869961080e+00
1.580155207151893615e+00
1.381129052366770749e+00
1.849685275498847759e+00
1.303420860485151600e+00
1.467626830160565277e+00
1.614069433510218810e+00
1.516150809368667529e+00
1.510561595516910049e+00
1.665767346961725348e+00
